1 5 76
5 1 76
5 11 76
11 5 76
11 17 76
17 11 76
17 23 76
23 17 76
1 27 109
27 1 109
27 2 109
2 27 109
2 28 109
28 2 109
28 3 109
3 28 109
3 29 167
29 3 167
29 4 51
4 29 51
2 6 76
6 2 76
3 9 76
9 3 76
4 10 76
10 4 76
5 30 167
30 5 167
30 6 51
6 30 51
6 7 58
7 6 58
7 8 103
8 7 103
8 9 58 
9 8 58
9 10 219
10 9 219
7 13 76
13 7 76
8 14 76
14 8 76
10 16 76
16 10 76
11 31 109
31 11 109
31 12 51
12 31 51
12 13 116
13 12 116
13 14 103
14 13 103
14 15 60
15 14 60
15 32 108
32 15 108
32 16 109
16 32 109
12 18 76
18 12 76
15 20 76
20 15 76
16 22 76
22 16 76
17 33 51
33 17 51
33 18 109
18 33 109
18 19 116
19 18 116
19 20 162
20 19 162
20 34 50
34 20 50
34 21 65
21 34 65
21 22 103
22 21 103
19 24 76
24 19 76
21 25 76
25 21 76
22 26 76
26 22 76
23 35 109
35 23 109
35 24 167
24 35 167
24 36 109
36 24 109
36 37 58
37 36 58
37 25 109
25 37 109
25 38 51
38 25 51
38 26 51
26 38 51